# Number of waferTypes 
# Wafer type, min/2, max/2, length/2 thick/2 
6
1 20.650 20.650 21.200  0.150
2 24.707 24.707 22.700  0.150
3 35.735 35.735 21.950  0.150
4 26.250 26.250 33.775  0.150
5 26.250 26.250 26.950  0.150
6 21.650 26.400 33.985  0.150
# Number of sublayers 
# Layer number, sublayer number and number of modules/sublayer 
# Module  number and number of wafers/module 
# Wafer sequential number and wafer type
# Position 
# Rotation matrix 
7
1  1  6
1  4
1  1
 33.200       -0.558       -36.921
 0.9956 -0.0941  0.0000 
 0.0941  0.9956 -0.0000 
 0.0000  0.0000  1.0000
2  1
 33.200       -0.558       5.536
 0.9956 -0.0941  0.0000 
 0.0941  0.9956 -0.0000 
 0.0000  0.0000  1.0000
3  1
 33.200       -0.558       47.994
 0.9956  0.0941  0.0000 
 0.0941 -0.9956  0.0000 
 0.0000  0.0000 -1.0000
4  1
 33.200       -0.558       90.451
 0.9956  0.0941  0.0000 
 0.0941 -0.9956  0.0000 
 0.0000  0.0000 -1.0000
# Done with module 1 for sublayer 0 and layer 1
2  4
1  1
 17.083       28.473       -36.921
 0.4163 -0.9092  0.0000 
 0.9092  0.4163 -0.0000 
 0.0000  0.0000  1.0000
2  1
 17.083       28.473       5.536
 0.4163 -0.9092  0.0000 
 0.9092  0.4163 -0.0000 
 0.0000  0.0000  1.0000
3  1
 17.083       28.473       47.994
 0.4163  0.9092  0.0000 
 0.9092 -0.4163  0.0000 
 0.0000  0.0000 -1.0000
4  1
 17.083       28.473       90.451
 0.4163  0.9092  0.0000 
 0.9092 -0.4163  0.0000 
 0.0000  0.0000 -1.0000
# Done with module 2 for sublayer 0 and layer 1
3  4
1  1
-16.117       29.031       -36.921
-0.5793 -0.8151  0.0000 
 0.8151 -0.5793  0.0000 
 0.0000  0.0000  1.0000
2  1
-16.117       29.031       5.536
-0.5793 -0.8151  0.0000 
 0.8151 -0.5793  0.0000 
 0.0000  0.0000  1.0000
3  1
-16.117       29.031       47.994
-0.5793  0.8151  0.0000 
 0.8151  0.5793  0.0000 
 0.0000  0.0000 -1.0000
4  1
-16.117       29.031       90.451
-0.5793  0.8151  0.0000 
 0.8151  0.5793  0.0000 
 0.0000  0.0000 -1.0000
# Done with module 3 for sublayer 0 and layer 1
4  4
1  1
-33.200       0.558       -36.921
-0.9956  0.0941  0.0000 
-0.0941 -0.9956  0.0000 
 0.0000  0.0000  1.0000
2  1
-33.200       0.558       5.536
-0.9956  0.0941  0.0000 
-0.0941 -0.9956  0.0000 
 0.0000  0.0000  1.0000
3  1
-33.200       0.558       47.994
-0.9956 -0.0941 -0.0000 
-0.0941  0.9956  0.0000 
 0.0000  0.0000 -1.0000
4  1
-33.200       0.558       90.451
-0.9956 -0.0941 -0.0000 
-0.0941  0.9956  0.0000 
 0.0000  0.0000 -1.0000
# Done with module 4 for sublayer 0 and layer 1
5  4
1  1
-17.083       -28.473       -36.921
-0.4163  0.9092  0.0000 
-0.9092 -0.4163  0.0000 
 0.0000  0.0000  1.0000
2  1
-17.083       -28.473       5.536
-0.4163  0.9092  0.0000 
-0.9092 -0.4163  0.0000 
 0.0000  0.0000  1.0000
3  1
-17.083       -28.473       47.994
-0.4163 -0.9092 -0.0000 
-0.9092  0.4163  0.0000 
 0.0000  0.0000 -1.0000
4  1
-17.083       -28.473       90.451
-0.4163 -0.9092 -0.0000 
-0.9092  0.4163  0.0000 
 0.0000  0.0000 -1.0000
# Done with module 5 for sublayer 0 and layer 1
6  4
1  1
 16.117       -29.031       -36.921
 0.5793  0.8151  0.0000 
-0.8151  0.5793  0.0000 
 0.0000 -0.0000  1.0000
2  1
 16.117       -29.031       5.536
 0.5793  0.8151  0.0000 
-0.8151  0.5793  0.0000 
 0.0000 -0.0000  1.0000
3  1
 16.117       -29.031       47.994
 0.5793 -0.8151  0.0000 
-0.8151 -0.5793 -0.0000 
 0.0000  0.0000 -1.0000
4  1
 16.117       -29.031       90.451
 0.5793 -0.8151  0.0000 
-0.8151 -0.5793 -0.0000 
 0.0000  0.0000 -1.0000
# Done with module 6 for sublayer 0 and layer 1
2  2  6
1  4
1  2
 40.334       -1.652       -47.421
 0.9956 -0.0941  0.0000 
 0.0941  0.9956 -0.0000 
 0.0000  0.0000  1.0000
2  2
 40.334       -1.652       -1.964
 0.9956 -0.0941  0.0000 
 0.0941  0.9956 -0.0000 
 0.0000  0.0000  1.0000
3  2
 40.334       -1.652       43.494
 0.9956  0.0941  0.0000 
 0.0941 -0.9956  0.0000 
 0.0000  0.0000 -1.0000
4  2
 40.334       -1.652       88.951
 0.9956  0.0941  0.0000 
 0.0941 -0.9956  0.0000 
 0.0000  0.0000 -1.0000
# Done with module 1 for sublayer 1 and layer 2
2  4
1  2
 21.597       34.105       -47.421
 0.4163 -0.9092  0.0000 
 0.9092  0.4163 -0.0000 
 0.0000  0.0000  1.0000
2  2
 21.597       34.105       -1.964
 0.4163 -0.9092  0.0000 
 0.9092  0.4163 -0.0000 
 0.0000  0.0000  1.0000
3  2
 21.597       34.105       43.494
 0.4163  0.9092  0.0000 
 0.9092 -0.4163  0.0000 
 0.0000  0.0000 -1.0000
4  2
 21.597       34.105       88.951
 0.4163  0.9092  0.0000 
 0.9092 -0.4163  0.0000 
 0.0000  0.0000 -1.0000
# Done with module 2 for sublayer 1 and layer 2
3  4
1  2
-18.737       35.756       -47.421
-0.5793 -0.8151  0.0000 
 0.8151 -0.5793  0.0000 
 0.0000  0.0000  1.0000
2  2
-18.737       35.756       -1.964
-0.5793 -0.8151  0.0000 
 0.8151 -0.5793  0.0000 
 0.0000  0.0000  1.0000
3  2
-18.737       35.756       43.494
-0.5793  0.8151  0.0000 
 0.8151  0.5793  0.0000 
 0.0000  0.0000 -1.0000
4  2
-18.737       35.756       88.951
-0.5793  0.8151  0.0000 
 0.8151  0.5793  0.0000 
 0.0000  0.0000 -1.0000
# Done with module 3 for sublayer 1 and layer 2
4  4
1  2
-40.334       1.652       -47.421
-0.9956  0.0941  0.0000 
-0.0941 -0.9956  0.0000 
 0.0000  0.0000  1.0000
2  2
-40.334       1.652       -1.964
-0.9956  0.0941  0.0000 
-0.0941 -0.9956  0.0000 
 0.0000  0.0000  1.0000
3  2
-40.334       1.652       43.494
-0.9956 -0.0941 -0.0000 
-0.0941  0.9956  0.0000 
 0.0000  0.0000 -1.0000
4  2
-40.334       1.652       88.951
-0.9956 -0.0941 -0.0000 
-0.0941  0.9956  0.0000 
 0.0000  0.0000 -1.0000
# Done with module 4 for sublayer 1 and layer 2
5  4
1  2
-21.597       -34.105       -47.421
-0.4163  0.9092  0.0000 
-0.9092 -0.4163  0.0000 
 0.0000  0.0000  1.0000
2  2
-21.597       -34.105       -1.964
-0.4163  0.9092  0.0000 
-0.9092 -0.4163  0.0000 
 0.0000  0.0000  1.0000
3  2
-21.597       -34.105       43.494
-0.4163 -0.9092 -0.0000 
-0.9092  0.4163  0.0000 
 0.0000  0.0000 -1.0000
4  2
-21.597       -34.105       88.951
-0.4163 -0.9092 -0.0000 
-0.9092  0.4163  0.0000 
 0.0000  0.0000 -1.0000
# Done with module 5 for sublayer 1 and layer 2
6  4
1  2
 18.737       -35.756       -47.421
 0.5793  0.8151  0.0000 
-0.8151  0.5793  0.0000 
 0.0000 -0.0000  1.0000
2  2
 18.737       -35.756       -1.964
 0.5793  0.8151  0.0000 
-0.8151  0.5793  0.0000 
 0.0000 -0.0000  1.0000
3  2
 18.737       -35.756       43.494
 0.5793 -0.8151  0.0000 
-0.8151 -0.5793 -0.0000 
 0.0000  0.0000 -1.0000
4  2
 18.737       -35.756       88.951
 0.5793 -0.8151  0.0000 
-0.8151 -0.5793 -0.0000 
 0.0000  0.0000 -1.0000
# Done with module 6 for sublayer 1 and layer 2
3  3  6
1  6
1  3
 59.443       -1.904       -79.159
 0.9956 -0.0941  0.0000 
 0.0941  0.9956 -0.0000 
 0.0000  0.0000  1.0000
2  3
 59.443       -1.904       -35.198
 0.9956 -0.0941  0.0000 
 0.0941  0.9956 -0.0000 
 0.0000  0.0000  1.0000
3  3
 59.443       -1.904       8.764
 0.9956 -0.0941  0.0000 
 0.0941  0.9956 -0.0000 
 0.0000  0.0000  1.0000
4  3
 59.443       -1.904       52.726
 0.9956  0.0941  0.0000 
 0.0941 -0.9956  0.0000 
 0.0000  0.0000 -1.0000
5  3
 59.443       -1.904       96.687
 0.9956  0.0941  0.0000 
 0.0941 -0.9956  0.0000 
 0.0000  0.0000 -1.0000
6  3
 59.443       -1.904       140.649
 0.9956  0.0941  0.0000 
 0.0941 -0.9956  0.0000 
 0.0000  0.0000 -1.0000
# Done with module 1 for sublayer 2 and layer 3
2  6
1  3
 31.371       50.527       -79.159
 0.4163 -0.9092  0.0000 
 0.9092  0.4163 -0.0000 
 0.0000  0.0000  1.0000
2  3
 31.371       50.527       -35.198
 0.4163 -0.9092  0.0000 
 0.9092  0.4163 -0.0000 
 0.0000  0.0000  1.0000
3  3
 31.371       50.527       8.764
 0.4163 -0.9092  0.0000 
 0.9092  0.4163 -0.0000 
 0.0000  0.0000  1.0000
4  3
 31.371       50.527       52.726
 0.4163  0.9092  0.0000 
 0.9092 -0.4163  0.0000 
 0.0000  0.0000 -1.0000
5  3
 31.371       50.527       96.687
 0.4163  0.9092  0.0000 
 0.9092 -0.4163  0.0000 
 0.0000  0.0000 -1.0000
6  3
 31.371       50.527       140.649
 0.4163  0.9092  0.0000 
 0.9092 -0.4163  0.0000 
 0.0000  0.0000 -1.0000
# Done with module 2 for sublayer 2 and layer 3
3  6
1  3
-28.072       52.431       -79.159
-0.5793 -0.8151  0.0000 
 0.8151 -0.5793  0.0000 
 0.0000  0.0000  1.0000
2  3
-28.072       52.431       -35.198
-0.5793 -0.8151  0.0000 
 0.8151 -0.5793  0.0000 
 0.0000  0.0000  1.0000
3  3
-28.072       52.431       8.764
-0.5793 -0.8151  0.0000 
 0.8151 -0.5793  0.0000 
 0.0000  0.0000  1.0000
4  3
-28.072       52.431       52.726
-0.5793  0.8151  0.0000 
 0.8151  0.5793  0.0000 
 0.0000  0.0000 -1.0000
5  3
-28.072       52.431       96.687
-0.5793  0.8151  0.0000 
 0.8151  0.5793  0.0000 
 0.0000  0.0000 -1.0000
6  3
-28.072       52.431       140.649
-0.5793  0.8151  0.0000 
 0.8151  0.5793  0.0000 
 0.0000  0.0000 -1.0000
# Done with module 3 for sublayer 2 and layer 3
4  6
1  3
-59.443       1.904       -79.159
-0.9956  0.0941  0.0000 
-0.0941 -0.9956  0.0000 
 0.0000  0.0000  1.0000
2  3
-59.443       1.904       -35.198
-0.9956  0.0941  0.0000 
-0.0941 -0.9956  0.0000 
 0.0000  0.0000  1.0000
3  3
-59.443       1.904       8.764
-0.9956  0.0941  0.0000 
-0.0941 -0.9956  0.0000 
 0.0000  0.0000  1.0000
4  3
-59.443       1.904       52.726
-0.9956 -0.0941 -0.0000 
-0.0941  0.9956  0.0000 
 0.0000  0.0000 -1.0000
5  3
-59.443       1.904       96.687
-0.9956 -0.0941 -0.0000 
-0.0941  0.9956  0.0000 
 0.0000  0.0000 -1.0000
6  3
-59.443       1.904       140.649
-0.9956 -0.0941 -0.0000 
-0.0941  0.9956  0.0000 
 0.0000  0.0000 -1.0000
# Done with module 4 for sublayer 2 and layer 3
5  6
1  3
-31.371       -50.527       -79.159
-0.4163  0.9092  0.0000 
-0.9092 -0.4163  0.0000 
 0.0000  0.0000  1.0000
2  3
-31.371       -50.527       -35.198
-0.4163  0.9092  0.0000 
-0.9092 -0.4163  0.0000 
 0.0000  0.0000  1.0000
3  3
-31.371       -50.527       8.764
-0.4163  0.9092  0.0000 
-0.9092 -0.4163  0.0000 
 0.0000  0.0000  1.0000
4  3
-31.371       -50.527       52.726
-0.4163 -0.9092 -0.0000 
-0.9092  0.4163  0.0000 
 0.0000  0.0000 -1.0000
5  3
-31.371       -50.527       96.687
-0.4163 -0.9092 -0.0000 
-0.9092  0.4163  0.0000 
 0.0000  0.0000 -1.0000
6  3
-31.371       -50.527       140.649
-0.4163 -0.9092 -0.0000 
-0.9092  0.4163  0.0000 
 0.0000  0.0000 -1.0000
# Done with module 5 for sublayer 2 and layer 3
6  6
1  3
 28.072       -52.431       -79.159
 0.5793  0.8151  0.0000 
-0.8151  0.5793  0.0000 
 0.0000 -0.0000  1.0000
2  3
 28.072       -52.431       -35.198
 0.5793  0.8151  0.0000 
-0.8151  0.5793  0.0000 
 0.0000 -0.0000  1.0000
3  3
 28.072       -52.431       8.764
 0.5793  0.8151  0.0000 
-0.8151  0.5793  0.0000 
 0.0000 -0.0000  1.0000
4  3
 28.072       -52.431       52.726
 0.5793 -0.8151  0.0000 
-0.8151 -0.5793 -0.0000 
 0.0000  0.0000 -1.0000
5  3
 28.072       -52.431       96.687
 0.5793 -0.8151  0.0000 
-0.8151 -0.5793 -0.0000 
 0.0000  0.0000 -1.0000
6  3
 28.072       -52.431       140.649
 0.5793 -0.8151  0.0000 
-0.8151 -0.5793 -0.0000 
 0.0000  0.0000 -1.0000
# Done with module 6 for sublayer 2 and layer 3
4  4  8
1  7
1  6
102.520       20.393       -129.029
 0.8739 -0.1951  0.4453 
 0.1738  0.9808  0.0886 
-0.4540 -0.0000  0.8910
2  5
117.694       23.411       -71.619
 0.9808 -0.1951  0.0000 
 0.1951  0.9808 -0.0000 
 0.0000  0.0000  1.0000
3  5
117.694       23.411       -17.617
 0.9808 -0.1951  0.0000 
 0.1951  0.9808 -0.0000 
 0.0000  0.0000  1.0000
4  5
117.694       23.411       36.385
 0.9808 -0.1951  0.0000 
 0.1951  0.9808 -0.0000 
 0.0000  0.0000  1.0000
5  5
117.694       23.411       90.387
 0.9808  0.1951  0.0000 
 0.1951 -0.9808  0.0000 
 0.0000  0.0000 -1.0000
6  4
117.694       23.411       151.214
 0.9808  0.1951  0.0000 
 0.1951 -0.9808  0.0000 
 0.0000  0.0000 -1.0000
7  6
102.002       20.289       215.177
 0.8660  0.1951  0.4605 
 0.1723 -0.9808  0.0916 
 0.4695 -0.0000 -0.8829
# Done with module 1 for sublayer 3 and layer 4
# Done with module 2 for sublayer 3 and layer 4
3  7
1  6
 58.073       86.912       -129.029
 0.4950 -0.8315  0.2522 
 0.7408  0.5556  0.3775 
-0.4540  0.0000  0.8910
2  5
 66.668       99.776       -71.619
 0.5556 -0.8315  0.0000 
 0.8315  0.5556 -0.0000 
 0.0000  0.0000  1.0000
3  5
 66.668       99.776       -17.617
 0.5556 -0.8315  0.0000 
 0.8315  0.5556 -0.0000 
 0.0000  0.0000  1.0000
4  5
 66.668       99.776       36.385
 0.5556 -0.8315  0.0000 
 0.8315  0.5556 -0.0000 
 0.0000  0.0000  1.0000
5  5
 66.668       99.776       90.387
 0.5556  0.8315  0.0000 
 0.8315 -0.5556  0.0000 
 0.0000  0.0000 -1.0000
6  4
 66.668       99.776       151.214
 0.5556  0.8315  0.0000 
 0.8315 -0.5556  0.0000 
 0.0000  0.0000 -1.0000
7  6
 57.779       86.473       215.177
 0.4905  0.8315  0.2608 
 0.7341 -0.5556  0.3904 
 0.4695 -0.0000 -0.8829
# Done with module 3 for sublayer 3 and layer 4
# Done with module 4 for sublayer 3 and layer 4
5  7
1  6
-20.393       102.520       -129.029
-0.1738 -0.9808 -0.0886 
 0.8739 -0.1951  0.4453 
-0.4540  0.0000  0.8910
2  5
-23.411       117.694       -71.619
-0.1951 -0.9808  0.0000 
 0.9808 -0.1951  0.0000 
 0.0000  0.0000  1.0000
3  5
-23.411       117.694       -17.617
-0.1951 -0.9808  0.0000 
 0.9808 -0.1951  0.0000 
 0.0000  0.0000  1.0000
4  5
-23.411       117.694       36.385
-0.1951 -0.9808  0.0000 
 0.9808 -0.1951  0.0000 
 0.0000  0.0000  1.0000
5  5
-23.411       117.694       90.387
-0.1951  0.9808  0.0000 
 0.9808  0.1951  0.0000 
 0.0000  0.0000 -1.0000
6  4
-23.411       117.694       151.214
-0.1951  0.9808  0.0000 
 0.9808  0.1951  0.0000 
 0.0000  0.0000 -1.0000
7  6
-20.289       102.002       215.177
-0.1723  0.9808 -0.0916 
 0.8660  0.1951  0.4605 
 0.4695 -0.0000 -0.8829
# Done with module 5 for sublayer 3 and layer 4
# Done with module 6 for sublayer 3 and layer 4
7  7
1  6
-86.912       58.073       -129.029
-0.7408 -0.5556 -0.3775 
 0.4950 -0.8315  0.2522 
-0.4540 -0.0000  0.8910
2  5
-99.776       66.668       -71.619
-0.8315 -0.5556  0.0000 
 0.5556 -0.8315  0.0000 
 0.0000  0.0000  1.0000
3  5
-99.776       66.668       -17.617
-0.8315 -0.5556  0.0000 
 0.5556 -0.8315  0.0000 
 0.0000  0.0000  1.0000
4  5
-99.776       66.668       36.385
-0.8315 -0.5556  0.0000 
 0.5556 -0.8315  0.0000 
 0.0000  0.0000  1.0000
5  5
-99.776       66.668       90.387
-0.8315  0.5556  0.0000 
 0.5556  0.8315  0.0000 
 0.0000  0.0000 -1.0000
6  4
-99.776       66.668       151.214
-0.8315  0.5556  0.0000 
 0.5556  0.8315  0.0000 
 0.0000  0.0000 -1.0000
7  6
-86.473       57.779       215.177
-0.7341  0.5556 -0.3904 
 0.4905  0.8315  0.2608 
 0.4695  0.0000 -0.8829
# Done with module 7 for sublayer 3 and layer 4
# Done with module 8 for sublayer 3 and layer 4
9  7
1  6
-102.520       -20.393       -129.029
-0.8739  0.1951 -0.4453 
-0.1738 -0.9808 -0.0886 
-0.4540 -0.0000  0.8910
2  5
-117.694       -23.411       -71.619
-0.9808  0.1951  0.0000 
-0.1951 -0.9808  0.0000 
 0.0000  0.0000  1.0000
3  5
-117.694       -23.411       -17.617
-0.9808  0.1951  0.0000 
-0.1951 -0.9808  0.0000 
 0.0000  0.0000  1.0000
4  5
-117.694       -23.411       36.385
-0.9808  0.1951  0.0000 
-0.1951 -0.9808  0.0000 
 0.0000  0.0000  1.0000
5  5
-117.694       -23.411       90.387
-0.9808 -0.1951 -0.0000 
-0.1951  0.9808  0.0000 
 0.0000  0.0000 -1.0000
6  4
-117.694       -23.411       151.214
-0.9808 -0.1951 -0.0000 
-0.1951  0.9808  0.0000 
 0.0000  0.0000 -1.0000
7  6
-102.002       -20.289       215.177
-0.8660 -0.1951 -0.4605 
-0.1723  0.9808 -0.0916 
 0.4695  0.0000 -0.8829
# Done with module 9 for sublayer 3 and layer 4
# Done with module 10 for sublayer 3 and layer 4
11  7
1  6
-58.073       -86.912       -129.029
-0.4950  0.8315 -0.2522 
-0.7408 -0.5556 -0.3775 
-0.4540  0.0000  0.8910
2  5
-66.668       -99.776       -71.619
-0.5556  0.8315  0.0000 
-0.8315 -0.5556  0.0000 
 0.0000  0.0000  1.0000
3  5
-66.668       -99.776       -17.617
-0.5556  0.8315  0.0000 
-0.8315 -0.5556  0.0000 
 0.0000  0.0000  1.0000
4  5
-66.668       -99.776       36.385
-0.5556  0.8315  0.0000 
-0.8315 -0.5556  0.0000 
 0.0000  0.0000  1.0000
5  5
-66.668       -99.776       90.387
-0.5556 -0.8315 -0.0000 
-0.8315  0.5556  0.0000 
 0.0000  0.0000 -1.0000
6  4
-66.668       -99.776       151.214
-0.5556 -0.8315 -0.0000 
-0.8315  0.5556  0.0000 
 0.0000  0.0000 -1.0000
7  6
-57.779       -86.473       215.177
-0.4905 -0.8315 -0.2608 
-0.7341  0.5556 -0.3904 
 0.4695  0.0000 -0.8829
# Done with module 11 for sublayer 3 and layer 4
# Done with module 12 for sublayer 3 and layer 4
13  7
1  6
 20.393       -102.520       -129.029
 0.1738  0.9808  0.0886 
-0.8739  0.1951 -0.4453 
-0.4540  0.0000  0.8910
2  5
 23.411       -117.694       -71.619
 0.1951  0.9808  0.0000 
-0.9808  0.1951  0.0000 
 0.0000 -0.0000  1.0000
3  5
 23.411       -117.694       -17.617
 0.1951  0.9808  0.0000 
-0.9808  0.1951  0.0000 
 0.0000 -0.0000  1.0000
4  5
 23.411       -117.694       36.385
 0.1951  0.9808  0.0000 
-0.9808  0.1951  0.0000 
 0.0000 -0.0000  1.0000
5  5
 23.411       -117.694       90.387
 0.1951 -0.9808  0.0000 
-0.9808 -0.1951  0.0000 
 0.0000 -0.0000 -1.0000
6  4
 23.411       -117.694       151.214
 0.1951 -0.9808  0.0000 
-0.9808 -0.1951  0.0000 
 0.0000 -0.0000 -1.0000
7  6
 20.289       -102.002       215.177
 0.1723 -0.9808  0.0916 
-0.8660 -0.1951 -0.4605 
 0.4695  0.0000 -0.8829
# Done with module 13 for sublayer 3 and layer 4
# Done with module 14 for sublayer 3 and layer 4
15  7
1  6
 86.912       -58.073       -129.029
 0.7408  0.5556  0.3775 
-0.4950  0.8315 -0.2522 
-0.4540 -0.0000  0.8910
2  5
 99.776       -66.668       -71.619
 0.8315  0.5556  0.0000 
-0.5556  0.8315  0.0000 
 0.0000 -0.0000  1.0000
3  5
 99.776       -66.668       -17.617
 0.8315  0.5556  0.0000 
-0.5556  0.8315  0.0000 
 0.0000 -0.0000  1.0000
4  5
 99.776       -66.668       36.385
 0.8315  0.5556  0.0000 
-0.5556  0.8315  0.0000 
 0.0000 -0.0000  1.0000
5  5
 99.776       -66.668       90.387
 0.8315 -0.5556  0.0000 
-0.5556 -0.8315 -0.0000 
 0.0000  0.0000 -1.0000
6  4
 99.776       -66.668       151.214
 0.8315 -0.5556  0.0000 
-0.5556 -0.8315 -0.0000 
 0.0000  0.0000 -1.0000
7  6
 86.473       -57.779       215.177
 0.7341 -0.5556  0.3904 
-0.4905 -0.8315 -0.2608 
 0.4695  0.0000 -0.8829
# Done with module 15 for sublayer 3 and layer 4
# Done with module 16 for sublayer 3 and layer 4
4  4  8
# Done with module 1 for sublayer 4 and layer 4
2  7
1  6
 90.238       60.295       -133.639
 0.7408 -0.5556  0.3775 
 0.4950  0.8315  0.2522 
-0.4540  0.0000  0.8910
2  5
103.102       68.891       -76.229
 0.8315 -0.5556  0.0000 
 0.5556  0.8315 -0.0000 
 0.0000  0.0000  1.0000
3  5
103.102       68.891       -22.227
 0.8315 -0.5556  0.0000 
 0.5556  0.8315 -0.0000 
 0.0000  0.0000  1.0000
4  5
103.102       68.891       31.775
 0.8315 -0.5556  0.0000 
 0.5556  0.8315 -0.0000 
 0.0000  0.0000  1.0000
5  4
103.102       68.891       92.602
 0.8315  0.5556  0.0000 
 0.5556 -0.8315  0.0000 
 0.0000  0.0000 -1.0000
6  4
103.102       68.891       160.254
 0.8315  0.5556  0.0000 
 0.5556 -0.8315  0.0000 
 0.0000  0.0000 -1.0000
7  6
 89.799       60.002       224.217
 0.7341  0.5556  0.3904 
 0.4905 -0.8315  0.2608 
 0.4695  0.0000 -0.8829
# Done with module 2 for sublayer 4 and layer 4
# Done with module 3 for sublayer 4 and layer 4
4  7
1  6
 21.173       106.443       -133.639
 0.1738 -0.9808  0.0886 
 0.8739  0.1951  0.4453 
-0.4540  0.0000  0.8910
2  5
 24.191       121.617       -76.229
 0.1951 -0.9808  0.0000 
 0.9808  0.1951 -0.0000 
 0.0000  0.0000  1.0000
3  5
 24.191       121.617       -22.227
 0.1951 -0.9808  0.0000 
 0.9808  0.1951 -0.0000 
 0.0000  0.0000  1.0000
4  5
 24.191       121.617       31.775
 0.1951 -0.9808  0.0000 
 0.9808  0.1951 -0.0000 
 0.0000  0.0000  1.0000
5  4
 24.191       121.617       92.602
 0.1951  0.9808  0.0000 
 0.9808 -0.1951  0.0000 
 0.0000  0.0000 -1.0000
6  4
 24.191       121.617       160.254
 0.1951  0.9808  0.0000 
 0.9808 -0.1951  0.0000 
 0.0000  0.0000 -1.0000
7  6
 21.070       105.925       224.217
 0.1723  0.9808  0.0916 
 0.8660 -0.1951  0.4605 
 0.4695  0.0000 -0.8829
# Done with module 4 for sublayer 4 and layer 4
# Done with module 5 for sublayer 4 and layer 4
6  7
1  6
-60.295       90.238       -133.639
-0.4950 -0.8315 -0.2522 
 0.7408 -0.5556  0.3775 
-0.4540  0.0000  0.8910
2  5
-68.891       103.102       -76.229
-0.5556 -0.8315  0.0000 
 0.8315 -0.5556  0.0000 
 0.0000  0.0000  1.0000
3  5
-68.891       103.102       -22.227
-0.5556 -0.8315  0.0000 
 0.8315 -0.5556  0.0000 
 0.0000  0.0000  1.0000
4  5
-68.891       103.102       31.775
-0.5556 -0.8315  0.0000 
 0.8315 -0.5556  0.0000 
 0.0000  0.0000  1.0000
5  4
-68.891       103.102       92.602
-0.5556  0.8315  0.0000 
 0.8315  0.5556  0.0000 
 0.0000  0.0000 -1.0000
6  4
-68.891       103.102       160.254
-0.5556  0.8315  0.0000 
 0.8315  0.5556  0.0000 
 0.0000  0.0000 -1.0000
7  6
-60.002       89.799       224.217
-0.4905  0.8315 -0.2608 
 0.7341  0.5556  0.3904 
 0.4695 -0.0000 -0.8829
# Done with module 6 for sublayer 4 and layer 4
# Done with module 7 for sublayer 4 and layer 4
8  7
1  6
-106.443       21.173       -133.639
-0.8739 -0.1951 -0.4453 
 0.1738 -0.9808  0.0886 
-0.4540 -0.0000  0.8910
2  5
-121.617       24.191       -76.229
-0.9808 -0.1951  0.0000 
 0.1951 -0.9808  0.0000 
 0.0000  0.0000  1.0000
3  5
-121.617       24.191       -22.227
-0.9808 -0.1951  0.0000 
 0.1951 -0.9808  0.0000 
 0.0000  0.0000  1.0000
4  5
-121.617       24.191       31.775
-0.9808 -0.1951  0.0000 
 0.1951 -0.9808  0.0000 
 0.0000  0.0000  1.0000
5  4
-121.617       24.191       92.602
-0.9808  0.1951  0.0000 
 0.1951  0.9808  0.0000 
 0.0000  0.0000 -1.0000
6  4
-121.617       24.191       160.254
-0.9808  0.1951  0.0000 
 0.1951  0.9808  0.0000 
 0.0000  0.0000 -1.0000
7  6
-105.925       21.070       224.217
-0.8660  0.1951 -0.4605 
 0.1723  0.9808  0.0916 
 0.4695  0.0000 -0.8829
# Done with module 8 for sublayer 4 and layer 4
# Done with module 9 for sublayer 4 and layer 4
10  7
1  6
-90.238       -60.295       -133.639
-0.7408  0.5556 -0.3775 
-0.4950 -0.8315 -0.2522 
-0.4540  0.0000  0.8910
2  5
-103.102       -68.891       -76.229
-0.8315  0.5556  0.0000 
-0.5556 -0.8315  0.0000 
 0.0000  0.0000  1.0000
3  5
-103.102       -68.891       -22.227
-0.8315  0.5556  0.0000 
-0.5556 -0.8315  0.0000 
 0.0000  0.0000  1.0000
4  5
-103.102       -68.891       31.775
-0.8315  0.5556  0.0000 
-0.5556 -0.8315  0.0000 
 0.0000  0.0000  1.0000
5  4
-103.102       -68.891       92.602
-0.8315 -0.5556 -0.0000 
-0.5556  0.8315  0.0000 
 0.0000  0.0000 -1.0000
6  4
-103.102       -68.891       160.254
-0.8315 -0.5556 -0.0000 
-0.5556  0.8315  0.0000 
 0.0000  0.0000 -1.0000
7  6
-89.799       -60.002       224.217
-0.7341 -0.5556 -0.3904 
-0.4905  0.8315 -0.2608 
 0.4695 -0.0000 -0.8829
# Done with module 10 for sublayer 4 and layer 4
# Done with module 11 for sublayer 4 and layer 4
12  7
1  6
-21.173       -106.443       -133.639
-0.1738  0.9808 -0.0886 
-0.8739 -0.1951 -0.4453 
-0.4540 -0.0000  0.8910
2  5
-24.191       -121.617       -76.229
-0.1951  0.9808  0.0000 
-0.9808 -0.1951  0.0000 
 0.0000  0.0000  1.0000
3  5
-24.191       -121.617       -22.227
-0.1951  0.9808  0.0000 
-0.9808 -0.1951  0.0000 
 0.0000  0.0000  1.0000
4  5
-24.191       -121.617       31.775
-0.1951  0.9808  0.0000 
-0.9808 -0.1951  0.0000 
 0.0000  0.0000  1.0000
5  4
-24.191       -121.617       92.602
-0.1951 -0.9808 -0.0000 
-0.9808  0.1951  0.0000 
 0.0000  0.0000 -1.0000
6  4
-24.191       -121.617       160.254
-0.1951 -0.9808 -0.0000 
-0.9808  0.1951  0.0000 
 0.0000  0.0000 -1.0000
7  6
-21.070       -105.925       224.217
-0.1723 -0.9808 -0.0916 
-0.8660  0.1951 -0.4605 
 0.4695  0.0000 -0.8829
# Done with module 12 for sublayer 4 and layer 4
# Done with module 13 for sublayer 4 and layer 4
14  7
1  6
 60.295       -90.238       -133.639
 0.4950  0.8315  0.2522 
-0.7408  0.5556 -0.3775 
-0.4540  0.0000  0.8910
2  5
 68.891       -103.102       -76.229
 0.5556  0.8315  0.0000 
-0.8315  0.5556  0.0000 
 0.0000 -0.0000  1.0000
3  5
 68.891       -103.102       -22.227
 0.5556  0.8315  0.0000 
-0.8315  0.5556  0.0000 
 0.0000 -0.0000  1.0000
4  5
 68.891       -103.102       31.775
 0.5556  0.8315  0.0000 
-0.8315  0.5556  0.0000 
 0.0000 -0.0000  1.0000
5  4
 68.891       -103.102       92.602
 0.5556 -0.8315  0.0000 
-0.8315 -0.5556  0.0000 
 0.0000 -0.0000 -1.0000
6  4
 68.891       -103.102       160.254
 0.5556 -0.8315  0.0000 
-0.8315 -0.5556  0.0000 
 0.0000 -0.0000 -1.0000
7  6
 60.002       -89.799       224.217
 0.4905 -0.8315  0.2608 
-0.7341 -0.5556 -0.3904 
 0.4695 -0.0000 -0.8829
# Done with module 14 for sublayer 4 and layer 4
# Done with module 15 for sublayer 4 and layer 4
16  7
1  6
106.443       -21.173       -133.639
 0.8739  0.1951  0.4453 
-0.1738  0.9808 -0.0886 
-0.4540  0.0000  0.8910
2  5
121.617       -24.191       -76.229
 0.9808  0.1951  0.0000 
-0.1951  0.9808  0.0000 
 0.0000 -0.0000  1.0000
3  5
121.617       -24.191       -22.227
 0.9808  0.1951  0.0000 
-0.1951  0.9808  0.0000 
 0.0000 -0.0000  1.0000
4  5
121.617       -24.191       31.775
 0.9808  0.1951  0.0000 
-0.1951  0.9808  0.0000 
 0.0000 -0.0000  1.0000
5  4
121.617       -24.191       92.602
 0.9808 -0.1951  0.0000 
-0.1951 -0.9808 -0.0000 
 0.0000  0.0000 -1.0000
6  4
121.617       -24.191       160.254
 0.9808 -0.1951  0.0000 
-0.1951 -0.9808 -0.0000 
 0.0000  0.0000 -1.0000
7  6
105.925       -21.070       224.217
 0.8660 -0.1951  0.4605 
-0.1723 -0.9808 -0.0916 
 0.4695  0.0000 -0.8829
# Done with module 16 for sublayer 4 and layer 4
5  5  9
1  8
1  6
120.084       43.707       -173.600
 0.8773 -0.3420  0.3368 
 0.3193  0.9397  0.1226 
-0.3584 -0.0000  0.9336
2  4
131.557       47.883       -107.939
 0.9397 -0.3420  0.0000 
 0.3420  0.9397 -0.0000 
 0.0000  0.0000  1.0000
3  4
131.557       47.883       -40.297
 0.9397 -0.3420  0.0000 
 0.3420  0.9397 -0.0000 
 0.0000  0.0000  1.0000
4  4
131.557       47.883       27.344
 0.9397 -0.3420  0.0000 
 0.3420  0.9397 -0.0000 
 0.0000  0.0000  1.0000
5  5
131.557       47.883       88.161
 0.9397  0.3420  0.0000 
 0.3420 -0.9397  0.0000 
 0.0000  0.0000 -1.0000
6  4
131.557       47.883       148.977
 0.9397  0.3420  0.0000 
 0.3420 -0.9397  0.0000 
 0.0000  0.0000 -1.0000
7  4
131.557       47.883       216.619
 0.9397  0.3420  0.0000 
 0.3420 -0.9397  0.0000 
 0.0000  0.0000 -1.0000
8  6
118.534       43.143       281.607
 0.8585  0.3420  0.3822 
 0.3125 -0.9397  0.1391 
 0.4067 -0.0000 -0.9135
# Done with module 1 for sublayer 5 and layer 5
# Done with module 2 for sublayer 5 and layer 5
3  8
1  6
 63.895       110.670       -173.600
 0.4668 -0.8660  0.1792 
 0.8085  0.5000  0.3104 
-0.3584 -0.0000  0.9336
2  4
 70.000       121.244       -107.939
 0.5000 -0.8660  0.0000 
 0.8660  0.5000 -0.0000 
 0.0000  0.0000  1.0000
3  4
 70.000       121.244       -40.297
 0.5000 -0.8660  0.0000 
 0.8660  0.5000 -0.0000 
 0.0000  0.0000  1.0000
4  4
 70.000       121.244       27.344
 0.5000 -0.8660  0.0000 
 0.8660  0.5000 -0.0000 
 0.0000  0.0000  1.0000
5  5
 70.000       121.244       88.161
 0.5000  0.8660  0.0000 
 0.8660 -0.5000  0.0000 
 0.0000  0.0000 -1.0000
6  4
 70.000       121.244       148.977
 0.5000  0.8660  0.0000 
 0.8660 -0.5000  0.0000 
 0.0000  0.0000 -1.0000
7  4
 70.000       121.244       216.619
 0.5000  0.8660  0.0000 
 0.8660 -0.5000  0.0000 
 0.0000  0.0000 -1.0000
8  6
 63.070       109.241       281.607
 0.4568  0.8660  0.2034 
 0.7912 -0.5000  0.3522 
 0.4067 -0.0000 -0.9135
# Done with module 3 for sublayer 5 and layer 5
# Done with module 4 for sublayer 5 and layer 5
5  8
1  6
-22.191       125.849       -173.600
-0.1621 -0.9848 -0.0622 
 0.9194 -0.1736  0.3529 
-0.3584 -0.0000  0.9336
2  4
-24.311       137.873       -107.939
-0.1736 -0.9848  0.0000 
 0.9848 -0.1736  0.0000 
 0.0000  0.0000  1.0000
3  4
-24.311       137.873       -40.297
-0.1736 -0.9848  0.0000 
 0.9848 -0.1736  0.0000 
 0.0000  0.0000  1.0000
4  4
-24.311       137.873       27.344
-0.1736 -0.9848  0.0000 
 0.9848 -0.1736  0.0000 
 0.0000  0.0000  1.0000
5  5
-24.311       137.873       88.161
-0.1736  0.9848  0.0000 
 0.9848  0.1736  0.0000 
 0.0000  0.0000 -1.0000
6  4
-24.311       137.873       148.977
-0.1736  0.9848  0.0000 
 0.9848  0.1736  0.0000 
 0.0000  0.0000 -1.0000
7  4
-24.311       137.873       216.619
-0.1736  0.9848  0.0000 
 0.9848  0.1736  0.0000 
 0.0000  0.0000 -1.0000
8  6
-21.904       124.224       281.607
-0.1586  0.9848 -0.0706 
 0.8997  0.1736  0.4006 
 0.4067 -0.0000 -0.9135
# Done with module 5 for sublayer 5 and layer 5
# Done with module 6 for sublayer 5 and layer 5
7  8
1  6
-97.893       82.142       -173.600
-0.7152 -0.6428 -0.2745 
 0.6001 -0.7660  0.2304 
-0.3584 -0.0000  0.9336
2  4
-107.246       89.990       -107.939
-0.7660 -0.6428  0.0000 
 0.6428 -0.7660  0.0000 
 0.0000  0.0000  1.0000
3  4
-107.246       89.990       -40.297
-0.7660 -0.6428  0.0000 
 0.6428 -0.7660  0.0000 
 0.0000  0.0000  1.0000
4  4
-107.246       89.990       27.344
-0.7660 -0.6428  0.0000 
 0.6428 -0.7660  0.0000 
 0.0000  0.0000  1.0000
5  5
-107.246       89.990       88.161
-0.7660  0.6428  0.0000 
 0.6428  0.7660  0.0000 
 0.0000  0.0000 -1.0000
6  4
-107.246       89.990       148.977
-0.7660  0.6428  0.0000 
 0.6428  0.7660  0.0000 
 0.0000  0.0000 -1.0000
7  4
-107.246       89.990       216.619
-0.7660  0.6428  0.0000 
 0.6428  0.7660  0.0000 
 0.0000  0.0000 -1.0000
8  6
-96.629       81.082       281.607
-0.6998  0.6428 -0.3116 
 0.5872  0.7660  0.2614 
 0.4067  0.0000 -0.9135
# Done with module 7 for sublayer 5 and layer 5
# Done with module 8 for sublayer 5 and layer 5
9  8
1  6
-127.791       -0.000       -173.600
-0.9336  0.0000 -0.3584 
-0.0000 -1.0000 -0.0000 
-0.3584 -0.0000  0.9336
2  4
-140.000       -0.000       -107.939
-1.0000  0.0000  0.0000 
-0.0000 -1.0000  0.0000 
 0.0000  0.0000  1.0000
3  4
-140.000       -0.000       -40.297
-1.0000  0.0000  0.0000 
-0.0000 -1.0000  0.0000 
 0.0000  0.0000  1.0000
4  4
-140.000       -0.000       27.344
-1.0000  0.0000  0.0000 
-0.0000 -1.0000  0.0000 
 0.0000  0.0000  1.0000
5  5
-140.000       -0.000       88.161
-1.0000 -0.0000 -0.0000 
-0.0000  1.0000  0.0000 
 0.0000  0.0000 -1.0000
6  4
-140.000       -0.000       148.977
-1.0000 -0.0000 -0.0000 
-0.0000  1.0000  0.0000 
 0.0000  0.0000 -1.0000
7  4
-140.000       -0.000       216.619
-1.0000 -0.0000 -0.0000 
-0.0000  1.0000  0.0000 
 0.0000  0.0000 -1.0000
8  6
-126.141       -0.000       281.607
-0.9135 -0.0000 -0.4067 
-0.0000  1.0000 -0.0000 
 0.4067 -0.0000 -0.9135
# Done with module 9 for sublayer 5 and layer 5
# Done with module 10 for sublayer 5 and layer 5
11  8
1  6
-97.893       -82.142       -173.600
-0.7152  0.6428 -0.2745 
-0.6001 -0.7660 -0.2304 
-0.3584  0.0000  0.9336
2  4
-107.246       -89.990       -107.939
-0.7660  0.6428  0.0000 
-0.6428 -0.7660  0.0000 
 0.0000  0.0000  1.0000
3  4
-107.246       -89.990       -40.297
-0.7660  0.6428  0.0000 
-0.6428 -0.7660  0.0000 
 0.0000  0.0000  1.0000
4  4
-107.246       -89.990       27.344
-0.7660  0.6428  0.0000 
-0.6428 -0.7660  0.0000 
 0.0000  0.0000  1.0000
5  5
-107.246       -89.990       88.161
-0.7660 -0.6428 -0.0000 
-0.6428  0.7660  0.0000 
 0.0000  0.0000 -1.0000
6  4
-107.246       -89.990       148.977
-0.7660 -0.6428 -0.0000 
-0.6428  0.7660  0.0000 
 0.0000  0.0000 -1.0000
7  4
-107.246       -89.990       216.619
-0.7660 -0.6428 -0.0000 
-0.6428  0.7660  0.0000 
 0.0000  0.0000 -1.0000
8  6
-96.629       -81.082       281.607
-0.6998 -0.6428 -0.3116 
-0.5872  0.7660 -0.2614 
 0.4067  0.0000 -0.9135
# Done with module 11 for sublayer 5 and layer 5
# Done with module 12 for sublayer 5 and layer 5
13  8
1  6
-22.191       -125.849       -173.600
-0.1621  0.9848 -0.0622 
-0.9194 -0.1736 -0.3529 
-0.3584 -0.0000  0.9336
2  4
-24.311       -137.873       -107.939
-0.1736  0.9848  0.0000 
-0.9848 -0.1736  0.0000 
 0.0000  0.0000  1.0000
3  4
-24.311       -137.873       -40.297
-0.1736  0.9848  0.0000 
-0.9848 -0.1736  0.0000 
 0.0000  0.0000  1.0000
4  4
-24.311       -137.873       27.344
-0.1736  0.9848  0.0000 
-0.9848 -0.1736  0.0000 
 0.0000  0.0000  1.0000
5  5
-24.311       -137.873       88.161
-0.1736 -0.9848 -0.0000 
-0.9848  0.1736  0.0000 
 0.0000  0.0000 -1.0000
6  4
-24.311       -137.873       148.977
-0.1736 -0.9848 -0.0000 
-0.9848  0.1736  0.0000 
 0.0000  0.0000 -1.0000
7  4
-24.311       -137.873       216.619
-0.1736 -0.9848 -0.0000 
-0.9848  0.1736  0.0000 
 0.0000  0.0000 -1.0000
8  6
-21.904       -124.224       281.607
-0.1586 -0.9848 -0.0706 
-0.8997  0.1736 -0.4006 
 0.4067 -0.0000 -0.9135
# Done with module 13 for sublayer 5 and layer 5
# Done with module 14 for sublayer 5 and layer 5
15  8
1  6
 63.895       -110.670       -173.600
 0.4668  0.8660  0.1792 
-0.8085  0.5000 -0.3104 
-0.3584 -0.0000  0.9336
2  4
 70.000       -121.244       -107.939
 0.5000  0.8660  0.0000 
-0.8660  0.5000  0.0000 
 0.0000 -0.0000  1.0000
3  4
 70.000       -121.244       -40.297
 0.5000  0.8660  0.0000 
-0.8660  0.5000  0.0000 
 0.0000 -0.0000  1.0000
4  4
 70.000       -121.244       27.344
 0.5000  0.8660  0.0000 
-0.8660  0.5000  0.0000 
 0.0000 -0.0000  1.0000
5  5
 70.000       -121.244       88.161
 0.5000 -0.8660  0.0000 
-0.8660 -0.5000 -0.0000 
 0.0000  0.0000 -1.0000
6  4
 70.000       -121.244       148.977
 0.5000 -0.8660  0.0000 
-0.8660 -0.5000 -0.0000 
 0.0000  0.0000 -1.0000
7  4
 70.000       -121.244       216.619
 0.5000 -0.8660  0.0000 
-0.8660 -0.5000 -0.0000 
 0.0000  0.0000 -1.0000
8  6
 63.070       -109.241       281.607
 0.4568 -0.8660  0.2034 
-0.7912 -0.5000 -0.3522 
 0.4067  0.0000 -0.9135
# Done with module 15 for sublayer 5 and layer 5
# Done with module 16 for sublayer 5 and layer 5
17  8
1  6
120.084       -43.707       -173.600
 0.8773  0.3420  0.3368 
-0.3193  0.9397 -0.1226 
-0.3584 -0.0000  0.9336
2  4
131.557       -47.883       -107.939
 0.9397  0.3420  0.0000 
-0.3420  0.9397  0.0000 
 0.0000 -0.0000  1.0000
3  4
131.557       -47.883       -40.297
 0.9397  0.3420  0.0000 
-0.3420  0.9397  0.0000 
 0.0000 -0.0000  1.0000
4  4
131.557       -47.883       27.344
 0.9397  0.3420  0.0000 
-0.3420  0.9397  0.0000 
 0.0000 -0.0000  1.0000
5  5
131.557       -47.883       88.161
 0.9397 -0.3420  0.0000 
-0.3420 -0.9397 -0.0000 
 0.0000  0.0000 -1.0000
6  4
131.557       -47.883       148.977
 0.9397 -0.3420  0.0000 
-0.3420 -0.9397 -0.0000 
 0.0000  0.0000 -1.0000
7  4
131.557       -47.883       216.619
 0.9397 -0.3420  0.0000 
-0.3420 -0.9397 -0.0000 
 0.0000  0.0000 -1.0000
8  6
118.534       -43.143       281.607
 0.8585 -0.3420  0.3822 
-0.3125 -0.9397 -0.1391 
 0.4067  0.0000 -0.9135
# Done with module 17 for sublayer 5 and layer 5
# Done with module 18 for sublayer 5 and layer 5
5  5  9
# Done with module 1 for sublayer 6 and layer 5
2  8
1  6
100.958       84.713       -177.610
 0.7152 -0.6428  0.2745 
 0.6001  0.7660  0.2304 
-0.3584  0.0000  0.9336
2  4
110.310       92.561       -111.949
 0.7660 -0.6428  0.0000 
 0.6428  0.7660 -0.0000 
 0.0000  0.0000  1.0000
3  4
110.310       92.561       -44.307
 0.7660 -0.6428  0.0000 
 0.6428  0.7660 -0.0000 
 0.0000  0.0000  1.0000
4  4
110.310       92.561       23.334
 0.7660 -0.6428  0.0000 
 0.6428  0.7660 -0.0000 
 0.0000  0.0000  1.0000
5  4
110.310       92.561       90.976
 0.7660  0.6428  0.0000 
 0.6428 -0.7660  0.0000 
 0.0000  0.0000 -1.0000
6  4
110.310       92.561       158.617
 0.7660  0.6428  0.0000 
 0.6428 -0.7660  0.0000 
 0.0000  0.0000 -1.0000
7  4
110.310       92.561       226.259
 0.7660  0.6428  0.0000 
 0.6428 -0.7660  0.0000 
 0.0000  0.0000 -1.0000
8  6
 99.694       83.653       291.247
 0.6998  0.6428  0.3116 
 0.5872 -0.7660  0.2614 
 0.4067 -0.0000 -0.9135
# Done with module 2 for sublayer 6 and layer 5
# Done with module 3 for sublayer 6 and layer 5
4  8
1  6
 22.885       129.789       -177.610
 0.1621 -0.9848  0.0622 
 0.9194  0.1736  0.3529 
-0.3584 -0.0000  0.9336
2  4
 25.005       141.812       -111.949
 0.1736 -0.9848  0.0000 
 0.9848  0.1736 -0.0000 
 0.0000  0.0000  1.0000
3  4
 25.005       141.812       -44.307
 0.1736 -0.9848  0.0000 
 0.9848  0.1736 -0.0000 
 0.0000  0.0000  1.0000
4  4
 25.005       141.812       23.334
 0.1736 -0.9848  0.0000 
 0.9848  0.1736 -0.0000 
 0.0000  0.0000  1.0000
5  4
 25.005       141.812       90.976
 0.1736  0.9848  0.0000 
 0.9848 -0.1736  0.0000 
 0.0000  0.0000 -1.0000
6  4
 25.005       141.812       158.617
 0.1736  0.9848  0.0000 
 0.9848 -0.1736  0.0000 
 0.0000  0.0000 -1.0000
7  4
 25.005       141.812       226.259
 0.1736  0.9848  0.0000 
 0.9848 -0.1736  0.0000 
 0.0000  0.0000 -1.0000
8  6
 22.599       128.164       291.247
 0.1586  0.9848  0.0706 
 0.8997 -0.1736  0.4006 
 0.4067  0.0000 -0.9135
# Done with module 4 for sublayer 6 and layer 5
# Done with module 5 for sublayer 6 and layer 5
6  8
1  6
-65.895       114.134       -177.610
-0.4668 -0.8660 -0.1792 
 0.8085 -0.5000  0.3104 
-0.3584  0.0000  0.9336
2  4
-72.000       124.708       -111.949
-0.5000 -0.8660  0.0000 
 0.8660 -0.5000  0.0000 
 0.0000  0.0000  1.0000
3  4
-72.000       124.708       -44.307
-0.5000 -0.8660  0.0000 
 0.8660 -0.5000  0.0000 
 0.0000  0.0000  1.0000
4  4
-72.000       124.708       23.334
-0.5000 -0.8660  0.0000 
 0.8660 -0.5000  0.0000 
 0.0000  0.0000  1.0000
5  4
-72.000       124.708       90.976
-0.5000  0.8660  0.0000 
 0.8660  0.5000  0.0000 
 0.0000  0.0000 -1.0000
6  4
-72.000       124.708       158.617
-0.5000  0.8660  0.0000 
 0.8660  0.5000  0.0000 
 0.0000  0.0000 -1.0000
7  4
-72.000       124.708       226.259
-0.5000  0.8660  0.0000 
 0.8660  0.5000  0.0000 
 0.0000  0.0000 -1.0000
8  6
-65.070       112.705       291.247
-0.4568  0.8660 -0.2034 
 0.7912  0.5000  0.3522 
 0.4067 -0.0000 -0.9135
# Done with module 6 for sublayer 6 and layer 5
# Done with module 7 for sublayer 6 and layer 5
8  8
1  6
-123.843       45.075       -177.610
-0.8773 -0.3420 -0.3368 
 0.3193 -0.9397  0.1226 
-0.3584 -0.0000  0.9336
2  4
-135.316       49.251       -111.949
-0.9397 -0.3420  0.0000 
 0.3420 -0.9397  0.0000 
 0.0000  0.0000  1.0000
3  4
-135.316       49.251       -44.307
-0.9397 -0.3420  0.0000 
 0.3420 -0.9397  0.0000 
 0.0000  0.0000  1.0000
4  4
-135.316       49.251       23.334
-0.9397 -0.3420  0.0000 
 0.3420 -0.9397  0.0000 
 0.0000  0.0000  1.0000
5  4
-135.316       49.251       90.976
-0.9397  0.3420  0.0000 
 0.3420  0.9397  0.0000 
 0.0000  0.0000 -1.0000
6  4
-135.316       49.251       158.617
-0.9397  0.3420  0.0000 
 0.3420  0.9397  0.0000 
 0.0000  0.0000 -1.0000
7  4
-135.316       49.251       226.259
-0.9397  0.3420  0.0000 
 0.3420  0.9397  0.0000 
 0.0000  0.0000 -1.0000
8  6
-122.292       44.511       291.247
-0.8585  0.3420 -0.3822 
 0.3125  0.9397  0.1391 
 0.4067 -0.0000 -0.9135
# Done with module 8 for sublayer 6 and layer 5
# Done with module 9 for sublayer 6 and layer 5
10  8
1  6
-123.843       -45.075       -177.610
-0.8773  0.3420 -0.3368 
-0.3193 -0.9397 -0.1226 
-0.3584  0.0000  0.9336
2  4
-135.316       -49.251       -111.949
-0.9397  0.3420  0.0000 
-0.3420 -0.9397  0.0000 
 0.0000  0.0000  1.0000
3  4
-135.316       -49.251       -44.307
-0.9397  0.3420  0.0000 
-0.3420 -0.9397  0.0000 
 0.0000  0.0000  1.0000
4  4
-135.316       -49.251       23.334
-0.9397  0.3420  0.0000 
-0.3420 -0.9397  0.0000 
 0.0000  0.0000  1.0000
5  4
-135.316       -49.251       90.976
-0.9397 -0.3420 -0.0000 
-0.3420  0.9397  0.0000 
 0.0000  0.0000 -1.0000
6  4
-135.316       -49.251       158.617
-0.9397 -0.3420 -0.0000 
-0.3420  0.9397  0.0000 
 0.0000  0.0000 -1.0000
7  4
-135.316       -49.251       226.259
-0.9397 -0.3420 -0.0000 
-0.3420  0.9397  0.0000 
 0.0000  0.0000 -1.0000
8  6
-122.292       -44.511       291.247
-0.8585 -0.3420 -0.3822 
-0.3125  0.9397 -0.1391 
 0.4067 -0.0000 -0.9135
# Done with module 10 for sublayer 6 and layer 5
# Done with module 11 for sublayer 6 and layer 5
12  8
1  6
-65.895       -114.134       -177.610
-0.4668  0.8660 -0.1792 
-0.8085 -0.5000 -0.3104 
-0.3584  0.0000  0.9336
2  4
