% 6 MeV Full Water Phantom
n1=2;
fh1=[
1	10	0
11	25	0
];
% x [mm], y [mm], z [mm], Dx [mm], Dy [mm], Dz [mm], expDose [Gy], Calculated dose [Gy], Calculated dose2 [Gy^2], nEvents, normDose [Gy], normDoseError [Gy]
d1=[
0	0	-140	15	15	5	0	1.51984e-11	2.1475e-23	14	0	0
0	0	-120	15	15	5	0	0	0	0	0	0
0	0	-100	15	15	5	0	0	0	0	0	0
0	0	-80	15	15	5	0	2.16182e-11	9.50606e-23	7	0	0
0	0	-60	15	15	5	0	0	0	0	0	0
0	0	-40	15	15	5	0	0	0	0	0	0
0	0	-20	15	15	5	0	0	0	0	0	0
0	0	0	15	15	5	0	0	0	0	0	0
0	0	20	15	15	5	0	0	0	0	0	0
0	0	40	15	15	5	0	0	0	0	0	0
0	140	0	5	10	5	0	0	0	0	0	0
0	120	0	5	10	5	0	6.18128e-13	3.80679e-25	2	0	0
0	100	0	5	10	5	0	0	0	0	0	0
0	80	0	5	10	5	0	0	0	0	0	0
0	60	0	5	10	5	0	0	0	0	0	0
0	40	0	5	10	5	0	0	0	0	0	0
0	20	0	5	10	5	0	0	0	0	0	0
0	0	0	5	10	5	0	0	0	0	0	0
0	-20	0	5	10	5	0	0	0	0	0	0
0	-40	0	5	10	5	0	0	0	0	0	0
0	-60	0	5	10	5	0	0	0	0	0	0
0	-80	0	5	10	5	0	0	0	0	0	0
0	-100	0	5	10	5	0	0	0	0	0	0
0	-120	0	5	10	5	0	0	0	0	0	0
0	-140	0	5	10	5	0	0	0	0	0	0
6.95289e-310	10	8.28905e-317	6.95289e-310	10	8.28905e-317	0	0	0	0	0	0
];
